40770
40773
40776
40778
40781
40783
40785
40788
40791
40794
40798
40801
40806
40809
40811
40814
40816
40820
40823
40827
40830
40833
40835
40837
40838
40841
40844
40846
40847
40848
40851
40852
40853
40857
40859
40863
40864
40865
40868
40872
40874
40875
40877
40879
40882
40883
40886
40889
40891
40893
40894
40897
40898
40901
40904
40910
40913
40915
40918
40919
40921
40924
40926
40928
40930
40933
40934
40936
40939
40942
40944
40946
40949
40952
40955
40957
40958
40961
40963
40964
40967
40969
40972
40974
40977
40982
40985
40987
40988
40990
40991
40994
40995
40996
40998
41001
41003
41005
41008
41009
41010
41012
41013
41018
41019
41022
41025
41026
41029
41030
41033
41036
41037
41038
41039
41040
41043
41046
41048
41052
41055
41056
41059
41063
41066
41068
41071
41073
41076
41078
41080
41081
41084
41087
41090
41091
41093
41095
41097
41100
41103
41107
41110
41113
41115
41117
41120
41123
41126
41128
41129
41132
41134
41137
41139
41140
41143
41146
41148
41150
41152
41155
41158
41161
41163
41165
41168
41171
41173
41176
41181
41184
41187
41190
41193
41195
41198
41201
41203
41207
41209
41210
41211
41215
41216
41218
41221
41223
41225
41227
41229
41233
41239
41242
41245
41247
41251
41252
41256
41257
41260
41263
41265
41279
41282
41283
41285
41287
41290
41293
41297
41298
41300
41302
41305
41311
41312
41316
41323
41324
41327
41329
41330
41331
41333
41335
41339
41343
41346
41348
41351
41352
41354
41357
41360
41362
41365
41367
41371
41374
41376
41378
41381
41383
41385
41387
41393
41395
41399
41400
41401
41404
41405
41407
41410
41412
41414
41415
41417
41418
41420
41422
41424
41428
41430
41432
41435
41438
41440
41442
41443
41446
41448
41449
41454
41456
41458
41461
41462
41464
41467
41470
41474
41476
41478
41481
41484
41485
41489
41492
41495
41498
41501
41502
41504
41507
41510
41511
41514
41517
41523
41525
41528
41533
41535
41536
41538
41542
41543
41546
41549
41552
41555
41557
41558
41560
41567
41570
41572
41576
41579
41581
41584
41585
41590
41591
41594
41596
41598
41600
41602
41603
41605
41606
41609
41612
41614
41617
41620
41622
41626
41627
41630
41631
41632
41633
41636
41638
41642
41644
41646
41649
41652
41654
41657
41659
41661
41665
41666
41668
41671
41674
41675
41678
41681
41683
41686
41687
41690
41691
41692
41695
41697
41700
41702
41703
41707
41708
41712
41714
41715
41718
41721
41723
41724
41727
41729
41731
41736
41740
41743
41746
41749
41754
41756
41758
41761
41763
41766
41769
41772
41774
41775
41778
41781
41784
41785
41787
41789
41790
41792
41794
41795
41797
41800
41802
41803
41806
41807
41808
41811
41813
41815
41818
41819
41820
41821
41822
41825
41826
41829
41831
41834
41837
41839
41842
41844
41846
41848
41849
41850
41852
41856
41857
41859
41861
41865
41868
41870
41873
41876
41878
41880
41883
41885
41887
41888
41890
41892
41895
41896
41898
41901
41902
41903
41905
41907
41911
41914
41917
41920
41924
41925
41926
41928
41931
41936
41937
41940
41942
41944
41947
41949
41950
41952
41955
41957
41961
41965
41968
41971
41972
41975
41977
41981
41983
41986
41990
41991
41993
